Generation 0
180	0	
173	0	
180	0	
180	0	
122	0	
180	0	
180	0	
179	2	
180	0	
180	0	
151	0	
180	0	
156	0	
159	6	
180	0	
143	3	
180	0	
180	0	
180	0	
157	0	
175	12	
180	0	
169	1	
151	6	
154	0	
180	0	
178	1	
175	0	
180	0	
165	0	
162	0	
150	12	
180	0	
164	0	
180	0	
168	0	
178	0	
175	1	
176	0	
180	0	
148	0	
142	0	
164	5	
178	0	
180	0	
134	0	
180	0	
142	0	
152	0	
151	0	
175	0	
180	0	
180	0	
132	13	
118	0	
180	0	
122	0	
180	0	
170	0	
180	0	
180	0	
145	0	
148	0	
150	0	
159	0	
127	0	
180	0	
153	0	
180	0	
151	0	
180	0	
180	0	
129	0	
159	0	
157	1	
180	0	
180	0	
142	5	
179	0	
176	0	
168	0	
180	0	
160	2	
156	0	
180	0	
180	0	
179	0	
180	0	
180	0	
151	0	
180	0	
180	0	
145	0	
180	0	
180	0	
156	0	
165	0	
178	4	
94	0	
150	23	

Generation 1
119	8	
154	4	
118	13	
141	61	
180	0	
149	4	
149	0	
150	8	
175	23	
127	0	
170	0	
145	0	
156	4	
130	0	
156	0	
142	8	
147	0	
162	43	
154	4	
122	13	
162	4	
151	21	
159	6	
140	8	
170	6	
161	8	
161	4	
145	13	
150	0	
146	4	
108	12	
127	0	
127	4	
154	16	
167	0	
163	8	
135	12	
137	4	
144	4	
142	0	
148	13	
146	35	
98	8	
161	13	
151	13	
172	6	
100	16	
161	21	
177	5	
138	42	
151	12	
160	24	
173	0	
157	0	
155	18	
122	4	
147	6	
161	12	
148	4	
150	12	
156	0	
144	0	
133	0	
150	0	
156	27	
148	6	
148	0	
151	13	
137	0	
137	4	
147	0	
149	0	
118	11	
123	0	
118	25	
146	0	
136	5	
147	48	
137	12	
103	4	
141	4	
175	12	
146	19	
148	0	
149	12	
143	4	
155	17	
140	11	
137	12	
142	0	
133	25	
142	22	
172	6	
160	4	
130	0	
170	15	
123	20	
142	0	
137	0	
146	32	

Generation 2
160	0	
137	8	
156	4	
161	12	
165	11	
151	0	
150	6	
132	4	
132	4	
146	16	
156	0	
162	4	
145	36	
148	16	
150	0	
154	28	
128	8	
125	20	
148	20	
132	8	
151	12	
143	45	
134	0	
153	16	
128	4	
151	32	
136	31	
165	16	
142	26	
151	12	
153	0	
149	19	
137	19	
157	2	
155	20	
113	8	
142	16	
132	8	
162	27	
151	24	
169	27	
157	4	
142	4	
138	8	
116	8	
135	35	
151	8	
138	40	
147	8	
151	36	
146	12	
148	4	
159	11	
146	12	
161	18	
163	40	
159	17	
142	18	
142	48	
157	8	
134	32	
127	4	
152	16	
143	0	
146	32	
155	16	
122	8	
147	16	
124	0	
143	20	
150	16	
126	1	
135	18	
147	37	
132	8	
156	25	
142	48	
116	16	
143	26	
132	23	
165	8	
164	11	
155	0	
113	20	
151	16	
156	26	
132	11	
161	0	
164	8	
151	31	
139	8	
136	77	
145	4	
165	11	
151	12	
155	0	
135	8	
165	4	
155	4	
161	20	

Generation 3
147	24	
152	20	
139	57	
98	4	
151	0	
167	13	
157	36	
160	27	
148	31	
153	18	
149	32	
142	30	
137	5	
140	48	
155	0	
137	44	
162	0	
151	32	
142	40	
146	12	
148	30	
150	24	
155	12	
142	32	
143	16	
125	4	
155	4	
160	27	
150	4	
155	28	
130	4	
137	24	
152	8	
164	71	
168	0	
162	8	
163	28	
142	35	
139	4	
142	27	
151	24	
159	19	
146	43	
137	8	
155	20	
161	15	
125	16	
149	12	
150	19	
156	4	
127	12	
132	40	
147	24	
176	11	
146	4	
132	47	
147	29	
150	4	
142	12	
151	24	
157	4	
155	8	
153	24	
164	8	
160	12	
157	4	
127	4	
144	27	
156	4	
148	8	
142	12	
154	20	
154	12	
149	3	
146	38	
169	47	
161	12	
147	32	
157	16	
153	12	
143	24	
152	15	
154	22	
163	20	
157	12	
132	22	
156	12	
135	36	
143	0	
149	36	
127	11	
157	12	
149	20	
107	8	
132	8	
134	4	
148	32	
144	19	
146	40	
139	0	

Generation 4
151	15	
161	19	
161	4	
165	33	
174	31	
147	12	
161	25	
157	16	
165	0	
157	20	
161	12	
142	7	
149	32	
138	52	
114	56	
162	38	
152	24	
163	12	
169	4	
132	24	
156	8	
163	44	
170	54	
169	24	
156	24	
166	15	
148	65	
171	2	
137	32	
139	40	
146	12	
170	27	
149	36	
155	20	
155	28	
151	16	
157	16	
146	20	
165	12	
170	17	
150	28	
157	16	
142	20	
136	20	
169	22	
160	73	
148	24	
167	13	
146	24	
156	51	
146	12	
145	24	
127	70	
151	28	
146	16	
142	32	
146	28	
156	16	
166	28	
169	4	
151	36	
155	39	
144	56	
160	35	
152	28	
145	51	
161	32	
168	32	
137	69	
152	8	
163	43	
142	36	
144	36	
144	28	
159	12	
154	44	
151	52	
157	12	
159	20	
160	12	
154	16	
155	24	
141	28	
154	40	
161	23	
155	20	
157	16	
166	11	
154	15	
151	24	
166	23	
161	12	
164	16	
166	40	
161	40	
161	27	
156	16	
147	20	
154	8	
143	16	

Generation 5
161	20	
152	16	
156	23	
151	12	
172	4	
142	52	
151	32	
141	52	
166	36	
166	4	
137	52	
170	0	
151	32	
132	44	
163	16	
151	8	
152	32	
166	12	
159	39	
146	31	
156	16	
150	40	
156	52	
165	9	
163	40	
131	65	
150	20	
137	8	
142	27	
137	43	
146	28	
160	8	
153	24	
163	12	
151	24	
161	16	
152	16	
141	32	
142	28	
165	31	
151	28	
167	47	
151	28	
153	32	
148	20	
148	15	
138	30	
142	48	
148	24	
146	19	
165	8	
137	44	
160	27	
162	20	
146	48	
162	23	
175	23	
159	19	
162	0	
146	12	
161	32	
154	16	
169	4	
143	32	
156	12	
156	32	
156	12	
157	12	
141	24	
127	48	
143	40	
120	40	
151	12	
133	12	
147	36	
139	20	
161	12	
157	16	
143	65	
142	8	
165	19	
158	4	
137	61	
163	8	
156	20	
163	4	
157	56	
163	24	
130	4	
153	12	
159	24	
173	31	
159	28	
168	8	
153	12	
131	48	
147	28	
167	4	
157	4	
161	40	

Generation 6
134	57	
151	16	
142	44	
137	77	
145	69	
155	40	
162	20	
127	24	
138	4	
142	32	
141	44	
132	28	
131	52	
132	48	
162	15	
142	24	
161	17	
139	32	
151	16	
137	12	
156	16	
144	28	
145	40	
142	40	
151	59	
166	6	
153	84	
124	52	
141	16	
153	28	
164	11	
170	19	
151	28	
161	20	
153	20	
122	50	
153	73	
156	12	
155	52	
142	8	
146	57	
161	16	
150	20	
158	16	
143	44	
152	24	
127	60	
143	20	
157	16	
149	24	
165	57	
140	20	
161	20	
151	0	
142	36	
169	8	
125	11	
151	36	
151	24	
139	47	
133	4	
157	16	
152	52	
148	16	
157	24	
147	25	
151	40	
158	20	
135	12	
156	20	
140	73	
137	36	
142	40	
162	8	
153	4	
142	28	
164	7	
164	4	
159	16	
149	8	
151	44	
142	4	
159	4	
153	20	
150	20	
150	28	
132	28	
162	15	
167	50	
152	32	
166	12	
146	16	
142	81	
166	31	
149	20	
149	32	
142	40	
151	12	
149	12	
166	4	

Generation 7
161	24	
143	12	
142	36	
152	16	
146	24	
132	40	
162	16	
149	16	
155	68	
163	25	
142	36	
164	20	
142	52	
156	20	
151	22	
124	62	
162	11	
134	44	
160	39	
123	40	
171	47	
153	27	
148	12	
155	12	
148	32	
136	61	
158	44	
156	8	
151	20	
142	20	
155	20	
133	28	
145	44	
137	24	
166	16	
156	16	
170	4	
137	24	
148	40	
152	23	
147	52	
160	16	
137	44	
137	36	
166	4	
142	20	
161	44	
132	44	
148	7	
151	21	
152	12	
151	36	
130	4	
156	16	
143	28	
162	4	
156	20	
137	36	
150	12	
149	16	
48	186	
142	28	
160	12	
155	28	
161	11	
150	20	
136	28	
163	12	
156	47	
164	4	
168	36	
166	48	
152	20	
146	27	
156	69	
138	20	
157	12	
163	0	
163	4	
142	60	
151	48	
103	93	
138	35	
142	12	
160	20	
141	61	
153	12	
137	20	
161	31	
156	24	
151	28	
158	55	
125	36	
161	22	
154	12	
162	28	
137	20	
130	32	
145	16	
137	32	

Generation 8
159	20	
151	89	
127	17	
79	38	
153	51	
159	20	
122	45	
113	51	
147	8	
163	27	
140	71	
154	23	
151	38	
132	58	
48	196	
146	25	
153	96	
166	96	
138	89	
153	0	
155	64	
142	38	
40	172	
156	16	
164	4	
142	64	
142	80	
40	183	
129	0	
161	23	
144	76	
121	0	
152	112	
147	46	
60	187	
148	36	
160	15	
159	34	
150	37	
146	45	
122	63	
146	89	
130	89	
151	64	
28	173	
159	27	
156	71	
151	67	
156	77	
143	84	
158	8	
118	76	
138	89	
146	44	
151	33	
64	192	
151	16	
146	102	
146	24	
118	64	
157	16	
146	75	
147	86	
128	28	
126	76	
138	33	
108	25	
52	188	
152	102	
151	38	
157	8	
132	51	
130	89	
154	25	
165	45	
151	36	
120	102	
60	187	
146	46	
127	76	
122	76	
161	4	
148	36	
146	25	
137	89	
162	20	
147	38	
132	96	
140	40	
162	7	
98	38	
161	76	
56	188	
150	20	
48	185	
165	109	
160	0	
68	202	
130	96	
146	51	

Generation 9
157	13	
147	25	
139	0	
155	16	
141	58	
118	89	
153	7	
150	25	
151	25	
157	39	
127	33	
158	38	
100	38	
175	5	
147	77	
48	181	
145	38	
141	38	
132	38	
138	64	
147	64	
153	7	
106	25	
138	24	
166	42	
56	193	
118	71	
147	71	
167	29	
152	89	
132	64	
40	188	
137	79	
127	76	
162	4	
132	51	
153	25	
116	51	
141	64	
137	76	
139	38	
134	13	
146	51	
151	84	
160	0	
122	0	
161	20	
151	0	
48	186	
166	36	
112	33	
151	16	
165	15	
134	0	
126	89	
130	134	
126	64	
151	51	
158	0	
82	198	
155	51	
136	51	
122	76	
142	0	
159	4	
105	64	
122	96	
32	173	
135	58	
142	13	
113	76	
48	193	
127	104	
127	51	
137	66	
56	193	
142	16	
155	38	
147	16	
151	89	
76	208	
151	51	
133	25	
151	38	
121	76	
132	25	
156	4	
129	64	
118	51	
151	89	
128	89	
154	64	
133	89	
156	51	
155	4	
161	62	
115	38	
111	38	
118	38	
64	205	

Generation 10
144	25	
141	102	
143	38	
118	25	
127	89	
153	42	
163	7	
132	13	
142	51	
118	89	
157	76	
56	196	
131	38	
164	20	
167	76	
164	20	
122	75	
120	25	
122	38	
160	66	
147	27	
122	89	
137	38	
139	84	
151	46	
160	33	
118	76	
145	51	
147	20	
148	46	
127	89	
108	13	
131	51	
122	76	
149	53	
127	64	
48	188	
143	38	
107	76	
154	20	
103	13	
134	13	
155	13	
122	89	
113	51	
160	38	
147	134	
147	58	
121	76	
171	76	
134	64	
156	15	
155	89	
136	13	
156	71	
142	51	
122	64	
109	4	
143	64	
126	38	
142	38	
44	176	
141	20	
142	51	
154	7	
142	102	
126	38	
142	13	
122	33	
132	51	
127	38	
180	114	
142	76	
138	25	
131	64	
48	181	
162	7	
153	25	
103	54	
107	7	
141	51	
133	13	
156	84	
127	64	
160	4	
139	76	
137	38	
102	0	
137	64	
127	64	
111	0	
146	64	
132	38	
122	51	
162	5	
147	84	
142	51	
36	182	
144	45	
114	76	

Generation 11
117	0	
165	0	
116	51	
118	76	
151	106	
130	51	
133	0	
166	42	
161	29	
146	78	
119	64	
118	64	
140	0	
127	89	
127	13	
160	36	
127	76	
48	193	
132	51	
56	191	
147	38	
146	38	
165	30	
119	124	
166	4	
118	38	
155	104	
146	13	
146	76	
128	33	
123	102	
132	51	
44	178	
120	134	
64	202	
113	20	
160	42	
159	0	
143	51	
118	91	
142	74	
136	25	
146	51	
161	20	
132	51	
161	4	
129	134	
128	64	
116	64	
133	38	
155	20	
28	173	
148	76	
149	13	
36	175	
155	58	
137	76	
124	25	
151	76	
104	13	
149	51	
88	211	
151	38	
122	64	
134	38	
141	25	
136	58	
161	7	
142	25	
151	13	
143	51	
156	27	
161	71	
137	49	
136	102	
132	98	
113	25	
123	89	
103	76	
36	172	
72	176	
169	4	
123	64	
52	198	
156	38	
151	25	
28	175	
173	42	
154	51	
132	51	
108	13	
164	4	
135	33	
133	84	
133	24	
122	89	
126	51	
124	102	
144	51	
127	89	

Generation 12
157	38	
128	38	
137	91	
170	33	
159	0	
118	64	
71	186	
113	76	
137	51	
147	33	
89	0	
122	51	
138	64	
108	64	
158	66	
180	0	
146	58	
146	36	
147	96	
127	76	
137	51	
147	25	
32	176	
119	71	
137	70	
132	0	
118	76	
52	188	
132	83	
151	15	
122	89	
118	52	
36	174	
151	38	
153	24	
144	76	
24	174	
132	15	
118	15	
151	0	
154	64	
150	76	
142	51	
130	25	
36	185	
113	115	
127	13	
109	120	
171	0	
134	51	
149	115	
132	76	
137	51	
124	40	
52	176	
60	181	
142	102	
139	38	
56	193	
126	64	
163	24	
127	76	
132	33	
142	25	
156	96	
113	76	
122	64	
104	84	
169	89	
127	76	
142	25	
133	107	
151	64	
152	102	
120	76	
142	89	
142	46	
136	25	
40	173	
44	181	
93	64	
142	76	
60	190	
146	96	
118	76	
141	25	
134	109	
157	33	
156	13	
166	66	
158	16	
136	25	
156	64	
156	15	
161	76	
156	25	
151	13	
137	76	
151	38	
146	46	

Generation 13
114	13	
141	69	
138	76	
122	51	
36	181	
144	13	
118	13	
118	76	
127	76	
128	51	
113	64	
109	0	
115	125	
165	25	
146	89	
142	64	
44	185	
149	38	
158	46	
125	64	
121	25	
144	76	
60	193	
158	38	
146	25	
149	49	
146	55	
136	25	
142	64	
135	25	
135	38	
152	20	
113	64	
165	7	
140	64	
161	16	
136	38	
132	51	
118	76	
127	64	
135	25	
149	102	
44	186	
44	179	
139	89	
135	51	
127	65	
52	194	
158	36	
118	45	
146	38	
64	194	
144	20	
142	71	
161	101	
122	71	
120	76	
153	76	
160	7	
137	84	
154	0	
143	64	
127	51	
156	29	
137	25	
52	115	
146	13	
137	51	
95	51	
122	64	
106	13	
166	7	
122	89	
166	7	
112	89	
156	64	
170	109	
136	64	
137	64	
143	38	
134	33	
141	92	
156	51	
149	89	
142	96	
127	38	
137	51	
113	76	
122	89	
52	178	
115	67	
151	38	
127	102	
146	64	
124	13	
118	64	
131	76	
109	25	
118	15	
137	64	

Generation 14
60	198	
137	25	
142	89	
137	23	
145	13	
156	16	
149	13	
130	51	
137	13	
142	63	
124	102	
134	76	
64	197	
141	31	
136	38	
56	187	
24	175	
103	13	
132	76	
142	51	
113	38	
161	42	
170	33	
145	25	
138	25	
161	53	
130	64	
122	25	
36	186	
136	64	
134	25	
159	36	
137	84	
143	33	
8	161	
145	38	
124	51	
28	181	
145	80	
158	58	
118	38	
129	13	
132	76	
151	76	
56	182	
104	51	
169	96	
138	58	
149	71	
165	20	
149	51	
113	76	
130	76	
118	13	
63	194	
141	96	
133	64	
156	51	
122	76	
116	25	
173	76	
137	25	
146	104	
118	89	
156	58	
169	19	
141	29	
35	170	
132	75	
151	38	
122	76	
94	51	
160	45	
32	181	
152	20	
36	167	
135	46	
127	89	
131	89	
132	0	
125	13	
148	102	
136	71	
103	51	
153	71	
142	0	
40	179	
131	51	
143	51	
79	13	
20	174	
60	179	
146	64	
122	25	
157	25	
130	46	
158	16	
119	38	
160	84	
56	193	

Generation 15
94	7	
133	0	
133	38	
137	76	
151	24	
80	206	
157	104	
171	71	
160	109	
180	96	
161	76	
24	167	
150	58	
144	58	
147	55	
44	194	
146	27	
146	101	
32	179	
11	167	
155	51	
127	89	
127	25	
142	102	
36	179	
40	185	
163	16	
155	89	
48	175	
141	115	
164	127	
143	40	
158	4	
154	45	
158	24	
76	204	
113	64	
130	64	
175	56	
72	205	
142	64	
139	115	
68	205	
64	182	
76	208	
156	89	
16	175	
134	91	
52	185	
158	78	
12	172	
12	166	
151	102	
161	47	
60	188	
36	187	
48	182	
134	96	
120	121	
48	188	
127	89	
153	25	
24	172	
174	4	
142	104	
133	51	
117	20	
56	196	
44	191	
113	13	
44	174	
32	178	
156	102	
144	25	
127	38	
161	84	
56	194	
166	11	
36	182	
48	186	
48	169	
141	4	
144	15	
162	29	
146	102	
160	113	
126	89	
16	167	
152	102	
64	206	
52	181	
56	190	
142	76	
80	202	
130	0	
156	89	
161	20	
103	51	
110	71	
149	38	

Generation 16
161	96	
47	197	
152	89	
80	203	
123	51	
28	175	
44	184	
72	194	
36	191	
40	173	
161	115	
170	54	
155	89	
40	168	
24	190	
151	81	
44	169	
167	55	
124	0	
132	98	
84	205	
142	4	
80	204	
24	178	
151	115	
136	20	
135	64	
44	180	
48	182	
144	25	
48	180	
60	192	
137	89	
154	89	
164	13	
148	89	
151	91	
28	188	
130	89	
32	175	
156	111	
28	182	
158	38	
36	190	
56	188	
157	115	
165	76	
28	175	
40	182	
142	43	
146	89	
72	193	
60	196	
16	173	
64	202	
161	75	
137	102	
156	51	
146	64	
64	193	
160	150	
141	25	
60	196	
136	76	
84	190	
162	16	
24	179	
60	205	
68	200	
48	190	
64	191	
162	20	
24	168	
128	127	
56	182	
154	102	
51	192	
143	60	
32	178	
56	185	
59	194	
166	103	
161	64	
60	196	
168	7	
146	0	
170	11	
32	182	
157	115	
149	25	
146	102	
48	192	
48	187	
137	89	
140	58	
135	71	
64	194	
142	76	
40	187	
137	89	

Generation 17
151	38	
166	29	
163	38	
151	102	
144	89	
20	169	
170	67	
160	55	
36	176	
44	185	
164	11	
169	121	
127	76	
147	13	
52	179	
156	64	
137	42	
40	181	
36	169	
155	76	
60	176	
142	25	
28	176	
162	89	
12	161	
40	190	
161	20	
60	196	
60	191	
48	181	
44	190	
169	33	
132	38	
16	175	
80	212	
32	182	
156	84	
4	167	
65	204	
164	76	
56	184	
12	174	
136	64	
52	190	
36	182	
52	182	
98	25	
169	76	
40	181	
102	4	
162	7	
48	185	
143	64	
96	223	
32	179	
52	184	
56	197	
32	174	
72	199	
32	185	
162	102	
162	96	
156	51	
20	170	
128	27	
44	192	
32	175	
44	180	
150	25	
164	55	
161	102	
44	187	
44	190	
161	101	
52	194	
40	186	
132	76	
8	167	
157	67	
170	55	
174	55	
142	13	
146	51	
105	212	
40	179	
165	102	
44	185	
52	188	
132	104	
64	204	
163	12	
28	169	
24	180	
20	175	
64	187	
20	168	
166	30	
161	75	
165	29	
56	178	

Generation 18
153	7	
24	178	
161	115	
139	89	
154	64	
140	64	
72	189	
150	102	
26	178	
169	102	
60	196	
137	76	
166	55	
146	102	
44	175	
161	28	
60	187	
154	13	
166	25	
166	33	
132	4	
20	172	
72	193	
60	186	
52	180	
56	198	
142	102	
52	182	
146	25	
143	76	
151	51	
40	186	
166	80	
146	65	
68	192	
159	96	
88	204	
133	51	
127	0	
40	172	
48	190	
64	210	
44	180	
113	76	
60	199	
48	186	
161	4	
36	176	
146	102	
148	102	
52	181	
163	29	
155	76	
163	14	
138	25	
137	140	
160	24	
146	89	
146	46	
152	21	
163	51	
157	95	
52	184	
151	76	
147	102	
56	193	
40	178	
28	178	
26	176	
139	89	
24	175	
36	181	
60	186	
160	64	
166	29	
44	190	
137	64	
36	182	
145	89	
142	101	
142	33	
151	64	
156	76	
28	178	
146	4	
142	13	
159	102	
172	125	
40	190	
20	180	
166	2	
52	195	
32	180	
32	187	
163	5	
146	64	
60	184	
166	33	
170	89	
40	186	

Generation 19
44	191	
12	173	
28	172	
146	96	
58	198	
80	204	
0	167	
44	186	
167	38	
72	206	
166	115	
24	180	
180	102	
60	198	
45	190	
174	36	
165	51	
79	215	
164	38	
169	89	
175	127	
156	91	
190	134	
60	192	
72	211	
157	76	
48	182	
148	0	
158	74	
42	181	
36	196	
121	89	
16	179	
52	197	
60	199	
150	104	
166	29	
170	127	
44	176	
113	13	
172	75	
84	206	
64	185	
192	108	
64	197	
156	89	
159	84	
146	38	
166	76	
56	184	
170	55	
121	76	
40	185	
166	144	
72	211	
18	176	
190	124	
60	188	
40	184	
165	76	
56	191	
56	186	
80	210	
72	206	
179	115	
199	143	
44	174	
32	182	
161	89	
151	20	
173	74	
166	55	
36	185	
12	169	
88	220	
48	186	
36	182	
162	96	
170	89	
91	214	
134	17	
72	193	
44	182	
162	110	
164	116	
166	64	
40	196	
12	170	
157	64	
24	170	
145	89	
150	101	
169	64	
148	59	
52	192	
25	184	
161	91	
64	200	
24	179	
52	184	

Generation 20
91	216	
36	192	
175	116	
72	205	
169	80	
189	115	
66	200	
52	181	
72	198	
56	186	
76	212	
147	115	
56	185	
68	202	
52	192	
142	102	
84	221	
72	217	
60	192	
48	194	
88	221	
80	197	
148	2	
76	212	
108	229	
159	117	
166	93	
56	193	
68	210	
170	89	
48	194	
171	89	
142	76	
56	194	
16	176	
60	192	
52	193	
68	204	
165	102	
48	184	
60	190	
56	196	
180	117	
68	192	
64	198	
52	200	
36	182	
52	204	
166	76	
108	0	
60	197	
56	194	
52	193	
45	199	
154	0	
60	193	
176	122	
60	200	
179	104	
92	215	
72	197	
92	210	
164	66	
174	76	
44	196	
32	185	
166	36	
88	212	
160	67	
72	190	
88	215	
161	115	
56	196	
192	144	
48	197	
151	76	
80	206	
52	191	
72	200	
142	115	
44	192	
168	76	
72	204	
170	148	
52	196	
170	106	
40	187	
42	182	
48	190	
48	194	
48	190	
52	194	
60	187	
92	217	
161	103	
161	115	
60	194	
76	197	
151	64	
143	13	

Generation 21
155	89	
84	214	
175	20	
84	213	
151	76	
184	140	
151	91	
32	190	
76	208	
28	181	
44	190	
167	64	
88	226	
135	102	
36	188	
151	89	
161	102	
92	217	
146	115	
153	96	
175	93	
64	188	
64	197	
24	178	
44	175	
113	25	
123	13	
92	218	
150	51	
80	217	
64	188	
88	214	
76	206	
149	102	
175	115	
153	145	
161	36	
180	127	
146	115	
48	194	
147	51	
72	193	
166	117	
123	218	
76	202	
44	193	
155	25	
159	100	
56	211	
163	76	
72	205	
165	102	
166	89	
169	106	
194	129	
56	187	
52	186	
32	194	
96	210	
92	224	
68	196	
44	191	
64	185	
161	118	
68	210	
159	109	
160	25	
80	210	
72	203	
40	180	
176	89	
36	185	
36	196	
161	89	
68	199	
80	215	
175	104	
68	206	
56	188	
92	215	
64	211	
68	197	
157	40	
89	197	
133	51	
52	198	
92	229	
88	204	
88	218	
72	210	
163	0	
84	200	
161	109	
48	191	
175	122	
140	64	
40	190	
28	181	
44	182	
48	191	

Generation 22
36	188	
76	196	
166	35	
68	190	
168	152	
157	38	
72	211	
72	210	
142	64	
64	192	
155	89	
166	116	
159	89	
60	190	
197	115	
100	218	
96	227	
88	228	
169	102	
56	188	
68	206	
183	129	
60	197	
36	182	
56	197	
145	64	
146	76	
137	25	
76	200	
170	119	
68	203	
169	102	
52	206	
72	190	
76	209	
155	12	
190	135	
64	212	
56	205	
88	221	
146	89	
40	193	
168	15	
65	204	
56	192	
52	196	
162	78	
100	234	
92	216	
156	64	
32	186	
162	115	
88	217	
36	188	
32	185	
32	178	
173	45	
68	194	
84	212	
64	202	
84	205	
137	76	
183	116	
76	196	
88	222	
80	210	
92	216	
146	132	
194	122	
64	210	
68	203	
166	76	
88	212	
143	31	
64	204	
92	216	
153	89	
56	192	
80	214	
72	209	
52	182	
185	68	
56	200	
72	204	
80	216	
100	223	
64	198	
170	27	
28	191	
28	185	
172	33	
56	193	
163	109	
40	182	
151	106	
88	220	
48	185	
162	115	
148	115	
173	51	

Generation 23
145	64	
171	102	
166	15	
144	102	
68	193	
40	183	
80	204	
84	205	
76	208	
44	196	
76	202	
52	192	
72	193	
156	93	
156	102	
61	199	
88	215	
180	98	
91	213	
80	216	
72	210	
84	209	
72	209	
130	15	
40	191	
153	51	
44	188	
181	79	
158	102	
36	182	
168	104	
100	223	
100	228	
152	76	
88	216	
12	170	
52	196	
32	181	
113	0	
157	40	
60	190	
163	115	
175	160	
80	211	
60	202	
160	158	
180	121	
187	89	
44	187	
161	109	
146	51	
68	199	
181	109	
28	190	
60	193	
44	192	
52	188	
60	190	
40	184	
163	73	
52	202	
64	192	
163	91	
156	91	
48	186	
168	66	
158	76	
80	212	
68	193	
96	220	
174	57	
48	192	
127	51	
189	101	
160	38	
64	200	
163	27	
48	193	
36	175	
167	91	
151	89	
98	0	
96	214	
175	97	
142	15	
92	219	
48	185	
163	55	
161	116	
152	138	
196	140	
56	185	
32	179	
88	210	
68	196	
80	204	
92	209	
151	76	
52	194	
48	184	

Generation 24
122	25	
32	185	
44	182	
72	210	
69	200	
32	182	
52	190	
187	122	
171	116	
161	32	
99	215	
32	175	
175	102	
48	182	
157	13	
20	179	
51	198	
178	115	
56	180	
138	0	
115	13	
174	115	
68	191	
162	64	
52	196	
40	187	
60	197	
84	211	
80	217	
65	202	
32	184	
84	223	
92	217	
190	115	
85	217	
166	115	
64	193	
175	0	
131	38	
16	178	
64	193	
193	77	
59	195	
162	115	
88	222	
180	119	
72	209	
174	116	
176	0	
176	128	
153	115	
56	188	
70	200	
180	115	
48	192	
76	191	
88	216	
16	179	
108	217	
44	188	
48	192	
170	115	
48	188	
44	185	
76	210	
150	71	
60	206	
84	214	
169	0	
40	196	
76	208	
108	227	
181	118	
100	236	
170	64	
84	218	
80	210	
48	193	
185	127	
80	211	
28	180	
203	112	
52	190	
68	208	
189	102	
175	127	
84	216	
161	72	
32	185	
56	211	
84	209	
188	115	
96	214	
88	216	
177	128	
161	116	
151	102	
161	64	
91	213	
174	93	

Generation 25
174	89	
166	25	
180	162	
92	216	
88	221	
142	0	
175	39	
80	193	
161	106	
88	206	
88	221	
145	136	
84	213	
60	197	
153	115	
68	200	
56	192	
104	220	
52	196	
40	182	
68	203	
44	193	
48	186	
166	90	
56	194	
155	102	
60	203	
112	235	
76	212	
40	180	
52	187	
80	203	
174	64	
170	115	
48	192	
151	102	
68	196	
145	0	
68	187	
68	205	
175	64	
48	190	
194	102	
36	187	
40	203	
60	193	
56	194	
76	200	
64	202	
178	71	
162	115	
185	164	
179	91	
179	115	
88	203	
185	102	
122	25	
172	102	
44	188	
96	218	
72	209	
96	205	
153	115	
110	0	
178	109	
48	191	
161	19	
64	196	
173	110	
64	198	
96	216	
73	207	
86	213	
162	51	
60	205	
48	188	
76	204	
48	187	
96	217	
52	202	
60	188	
64	197	
73	206	
166	64	
174	102	
179	109	
56	197	
92	214	
92	212	
141	51	
171	2	
72	208	
76	210	
32	180	
175	115	
60	197	
166	102	
76	212	
64	209	
68	200	

Generation 26
190	115	
165	76	
60	206	
56	194	
68	210	
168	38	
44	194	
72	206	
213	115	
56	194	
88	218	
145	0	
65	199	
56	202	
178	127	
187	89	
198	140	
52	197	
122	0	
92	209	
64	188	
168	90	
84	214	
40	191	
68	211	
57	198	
72	212	
164	38	
99	222	
72	191	
64	200	
172	14	
189	115	
195	90	
178	122	
72	212	
187	115	
164	102	
72	201	
128	38	
180	89	
76	203	
72	210	
56	191	
52	192	
72	209	
104	238	
64	214	
48	193	
68	198	
68	203	
164	84	
127	77	
72	205	
104	226	
173	26	
28	182	
80	210	
182	102	
60	198	
44	186	
64	206	
40	185	
92	212	
68	197	
72	210	
92	210	
189	84	
80	208	
100	223	
64	194	
84	217	
48	187	
52	186	
182	40	
72	210	
167	90	
170	70	
88	222	
76	203	
104	211	
96	221	
88	216	
48	194	
16	174	
92	215	
104	234	
168	77	
24	181	
59	196	
196	141	
134	0	
24	180	
68	198	
155	51	
52	188	
92	215	
141	64	
175	102	
88	212	

Generation 27
16	178	
52	196	
36	187	
180	96	
65	208	
178	76	
157	103	
36	188	
68	197	
170	7	
48	184	
56	203	
104	227	
81	200	
175	92	
52	197	
64	196	
100	227	
195	101	
68	190	
92	210	
52	184	
158	0	
64	198	
194	106	
116	240	
56	203	
60	178	
64	206	
36	185	
186	119	
140	0	
48	188	
84	218	
133	25	
169	102	
80	202	
181	89	
72	208	
52	190	
177	64	
137	18	
60	197	
180	119	
56	194	
159	115	
100	228	
171	81	
160	89	
167	89	
169	89	
24	181	
52	192	
48	193	
137	51	
52	192	
16	190	
158	64	
64	190	
36	184	
164	115	
169	38	
104	211	
48	184	
180	102	
52	193	
68	205	
40	193	
161	102	
169	38	
92	208	
165	33	
120	245	
175	91	
68	193	
176	115	
80	212	
84	217	
68	202	
32	183	
88	214	
190	130	
44	185	
52	194	
196	115	
84	206	
64	205	
72	205	
88	213	
56	193	
76	206	
52	196	
155	65	
166	64	
174	65	
76	202	
52	192	
92	208	
181	115	
88	209	

Generation 28
180	77	
151	25	
190	115	
60	186	
175	102	
44	194	
84	223	
156	89	
72	206	
100	221	
192	172	
48	186	
56	197	
40	188	
72	206	
40	190	
64	187	
175	102	
88	214	
48	192	
52	202	
77	199	
52	197	
88	217	
113	13	
88	218	
80	216	
181	110	
52	185	
185	102	
190	128	
175	77	
190	136	
161	64	
55	203	
194	127	
68	196	
59	185	
72	210	
56	188	
68	203	
76	209	
183	64	
157	115	
199	128	
60	197	
84	202	
64	193	
138	0	
68	208	
175	115	
161	77	
159	64	
44	190	
76	206	
165	89	
167	128	
80	204	
68	196	
161	77	
166	107	
191	135	
68	191	
142	64	
36	182	
92	214	
168	115	
184	127	
175	115	
178	115	
48	186	
52	198	
52	185	
73	206	
100	223	
80	206	
72	204	
76	217	
137	89	
173	46	
188	140	
185	91	
72	213	
174	77	
60	194	
159	76	
163	15	
88	212	
92	223	
76	197	
72	197	
60	205	
176	115	
56	192	
72	209	
170	128	
175	90	
190	110	
72	208	
80	208	

Generation 29
166	77	
190	128	
92	205	
48	192	
183	89	
52	188	
191	127	
68	202	
40	194	
161	76	
76	210	
160	115	
162	89	
64	203	
72	197	
173	82	
170	96	
193	103	
85	200	
170	76	
56	186	
24	178	
100	226	
158	102	
146	54	
156	5	
56	204	
87	213	
118	76	
52	193	
48	196	
64	206	
64	210	
64	205	
183	128	
52	198	
100	218	
175	122	
28	190	
64	191	
108	234	
48	198	
48	193	
52	181	
72	211	
190	140	
144	89	
28	179	
132	212	
178	100	
116	226	
20	186	
48	196	
68	193	
164	52	
174	64	
163	102	
169	10	
194	127	
187	173	
64	197	
52	194	
146	13	
72	202	
68	205	
104	228	
176	64	
36	191	
76	212	
84	215	
68	206	
84	200	
174	102	
148	13	
176	129	
52	197	
199	105	
166	55	
175	116	
20	174	
104	227	
84	211	
48	196	
28	179	
52	187	
76	205	
52	188	
104	224	
179	115	
134	13	
68	199	
81	200	
179	90	
20	176	
150	89	
76	208	
188	115	
44	188	
40	181	
187	90	

Generation 30
36	191	
184	115	
177	31	
28	191	
155	13	
44	187	
104	228	
36	186	
178	76	
72	211	
52	199	
177	89	
40	194	
68	211	
180	98	
173	64	
28	191	
171	102	
40	187	
52	196	
60	212	
24	192	
171	89	
156	76	
72	206	
64	204	
187	89	
68	206	
60	192	
104	224	
41	200	
179	102	
179	89	
68	197	
183	115	
192	102	
52	204	
72	221	
68	206	
175	89	
104	234	
100	234	
32	193	
166	119	
168	102	
167	102	
195	135	
143	25	
176	0	
182	102	
48	191	
145	64	
164	64	
56	197	
84	221	
203	102	
52	206	
80	211	
178	64	
52	193	
177	115	
52	200	
68	205	
84	212	
108	239	
28	192	
163	76	
44	193	
170	102	
53	201	
166	36	
68	208	
177	115	
166	13	
176	51	
56	212	
179	39	
48	203	
80	222	
40	193	
186	106	
185	115	
52	196	
183	64	
117	0	
60	213	
60	202	
20	186	
60	205	
40	198	
182	96	
155	89	
154	64	
170	76	
203	115	
169	13	
68	203	
151	57	
84	210	
169	0	

Generation 31
153	76	
156	13	
174	64	
163	76	
80	221	
96	232	
52	202	
80	228	
64	217	
197	128	
205	153	
104	233	
96	233	
188	115	
171	38	
224	129	
170	51	
48	205	
184	115	
68	215	
170	38	
202	123	
194	89	
199	122	
185	127	
80	209	
72	218	
194	89	
104	227	
56	198	
192	64	
177	0	
52	208	
167	89	
171	115	
179	38	
80	226	
40	194	
175	123	
182	26	
175	76	
186	64	
56	206	
180	39	
207	115	
113	238	
178	115	
84	228	
28	196	
28	194	
169	26	
186	86	
92	220	
28	197	
185	40	
56	204	
36	188	
189	89	
180	102	
45	198	
170	91	
177	17	
32	187	
56	197	
118	245	
64	208	
172	87	
48	197	
178	77	
170	41	
32	194	
206	108	
190	64	
213	153	
177	64	
40	197	
183	102	
170	25	
170	25	
192	102	
64	211	
175	102	
64	205	
185	140	
32	197	
201	77	
56	199	
68	206	
20	191	
173	54	
72	206	
161	0	
190	89	
173	53	
32	188	
72	221	
194	127	
36	184	
175	90	
196	90	

Generation 32
84	216	
168	115	
197	102	
188	64	
40	188	
80	211	
56	214	
189	77	
169	51	
40	198	
60	206	
187	89	
142	13	
167	13	
178	25	
184	127	
161	64	
182	47	
76	223	
64	202	
64	204	
48	199	
112	240	
184	64	
56	199	
76	221	
179	38	
104	228	
56	204	
65	216	
161	38	
166	51	
181	64	
204	141	
28	180	
100	227	
166	77	
68	196	
180	115	
112	236	
32	178	
194	129	
185	102	
60	203	
183	77	
162	77	
177	0	
28	188	
80	211	
189	64	
92	218	
165	90	
64	212	
170	25	
96	228	
172	0	
195	115	
32	187	
96	228	
28	184	
175	26	
80	210	
174	64	
104	234	
152	51	
58	198	
195	90	
28	185	
194	115	
56	200	
68	206	
88	221	
177	0	
76	221	
56	211	
122	33	
64	194	
151	49	
92	222	
120	238	
56	211	
100	233	
44	196	
108	239	
178	64	
72	209	
56	193	
72	221	
192	38	
185	128	
201	124	
79	216	
176	25	
194	115	
76	224	
167	33	
108	244	
20	191	
170	104	
52	190	

Generation 33
170	76	
40	197	
36	198	
161	90	
52	208	
186	89	
183	77	
84	222	
198	102	
152	25	
60	202	
200	102	
151	13	
48	197	
84	221	
176	38	
100	227	
32	190	
206	135	
169	64	
169	51	
180	115	
185	97	
197	115	
180	166	
40	196	
56	200	
174	64	
12	184	
189	77	
44	202	
184	38	
175	0	
193	141	
175	38	
64	208	
68	218	
194	115	
183	38	
161	38	
199	77	
171	26	
189	64	
162	90	
196	89	
169	51	
56	206	
180	114	
174	47	
204	89	
180	21	
183	141	
143	0	
80	209	
52	199	
182	90	
146	13	
36	182	
108	235	
16	186	
166	115	
48	208	
194	77	
208	115	
197	115	
185	102	
112	242	
204	128	
179	13	
40	198	
176	115	
161	0	
170	71	
164	51	
185	47	
166	13	
176	25	
221	141	
76	224	
193	115	
167	39	
203	102	
192	71	
72	211	
44	203	
174	89	
181	128	
182	105	
170	127	
104	224	
100	223	
181	91	
190	64	
72	210	
170	64	
104	217	
178	64	
212	135	
151	13	
60	211	

Generation 34
199	141	
177	20	
186	115	
64	212	
151	127	
84	221	
177	0	
177	52	
72	211	
173	39	
201	89	
189	64	
199	115	
56	210	
175	64	
161	0	
44	196	
177	64	
166	38	
170	102	
108	238	
28	182	
76	220	
173	5	
12	187	
184	57	
163	76	
172	109	
104	228	
178	64	
76	223	
92	209	
88	222	
167	51	
68	210	
201	102	
176	102	
216	153	
183	89	
72	222	
178	115	
183	64	
189	64	
76	213	
179	13	
177	38	
72	210	
185	71	
40	192	
44	200	
163	13	
32	188	
185	115	
72	217	
185	25	
80	218	
193	115	
38	198	
88	220	
32	184	
194	128	
180	51	
174	25	
183	64	
185	89	
56	210	
72	210	
173	0	
186	128	
199	89	
76	220	
168	64	
171	64	
40	198	
72	216	
178	84	
120	252	
167	38	
216	128	
207	127	
175	76	
178	164	
108	221	
168	64	
84	227	
205	123	
110	214	
64	215	
60	209	
116	245	
184	90	
89	226	
210	129	
171	102	
190	99	
176	13	
44	192	
200	90	
185	115	
194	130	

Generation 35
112	239	
36	196	
172	102	
32	196	
198	116	
172	20	
200	128	
178	102	
155	0	
174	25	
76	220	
28	194	
180	13	
184	38	
207	141	
44	205	
193	135	
52	209	
112	234	
181	89	
96	218	
28	194	
171	25	
193	90	
60	214	
177	25	
164	76	
167	39	
60	209	
207	102	
170	124	
190	96	
64	208	
28	187	
181	64	
108	242	
88	228	
193	38	
80	226	
83	213	
64	214	
209	127	
201	91	
174	13	
195	140	
112	238	
28	190	
214	154	
196	72	
177	0	
181	64	
178	76	
56	202	
40	203	
160	102	
113	0	
80	217	
40	193	
84	221	
92	224	
199	141	
175	89	
45	201	
104	235	
193	64	
179	127	
157	51	
175	0	
187	38	
84	223	
156	0	
24	188	
36	193	
122	0	
179	39	
92	223	
16	187	
185	51	
200	115	
180	64	
60	215	
186	102	
177	0	
190	102	
164	39	
186	27	
149	77	
68	214	
213	140	
194	96	
40	194	
72	216	
175	90	
36	194	
37	198	
169	102	
176	140	
52	205	
36	193	
184	89	

Generation 36
84	224	
48	204	
163	51	
166	0	
104	232	
116	238	
180	93	
96	221	
206	141	
49	198	
207	115	
164	76	
178	51	
174	76	
52	206	
174	13	
195	71	
167	115	
199	103	
48	202	
198	115	
116	233	
96	226	
178	64	
198	122	
56	206	
195	103	
163	76	
96	227	
182	64	
180	115	
199	115	
32	188	
76	218	
20	190	
92	234	
76	221	
112	242	
84	212	
167	101	
36	194	
161	0	
165	51	
206	113	
177	25	
192	128	
40	197	
179	77	
179	102	
171	77	
175	115	
166	64	
156	38	
165	25	
40	193	
80	228	
175	102	
192	109	
199	115	
36	197	
88	226	
20	181	
208	91	
64	198	
175	39	
120	238	
36	197	
189	115	
36	193	
56	194	
166	52	
24	190	
120	244	
177	1	
180	13	
32	194	
186	90	
167	26	
185	89	
166	13	
185	51	
163	90	
190	64	
199	77	
166	25	
175	64	
170	38	
170	51	
28	192	
207	127	
104	228	
174	64	
187	51	
173	79	
44	197	
178	38	
172	0	
162	38	
60	204	
163	115	

Generation 37
180	103	
184	38	
187	84	
170	26	
179	13	
52	204	
177	0	
120	236	
170	64	
210	122	
189	96	
166	13	
178	64	
32	194	
185	167	
104	228	
166	25	
163	89	
177	0	
76	221	
44	197	
178	51	
40	197	
167	102	
36	196	
152	76	
191	115	
28	193	
201	128	
72	206	
60	203	
64	197	
88	211	
190	142	
170	26	
175	22	
28	180	
76	223	
84	215	
169	38	
175	25	
214	128	
68	211	
48	194	
44	199	
40	174	
60	215	
194	117	
145	13	
108	238	
32	193	
51	191	
161	70	
180	89	
171	92	
64	205	
36	192	
182	140	
52	211	
64	205	
92	224	
179	77	
124	246	
184	115	
200	115	
210	129	
209	135	
48	191	
100	228	
112	236	
84	228	
76	217	
60	209	
204	127	
40	196	
194	98	
52	208	
96	212	
56	194	
190	77	
171	58	
32	191	
44	198	
72	203	
170	38	
72	197	
32	187	
174	64	
163	13	
44	193	
88	217	
178	38	
180	33	
183	90	
84	216	
44	205	
120	233	
169	89	
92	218	
60	216	

Generation 38
94	228	
198	89	
197	102	
156	76	
185	90	
80	220	
180	76	
64	206	
52	193	
168	64	
195	77	
88	221	
184	127	
209	122	
187	90	
180	140	
64	208	
179	64	
108	226	
175	0	
198	184	
166	38	
16	182	
80	212	
199	115	
56	206	
60	197	
60	211	
162	115	
181	127	
175	76	
80	216	
185	64	
174	0	
20	185	
32	196	
88	220	
168	39	
193	109	
64	209	
60	205	
92	212	
189	64	
84	218	
115	245	
112	240	
52	196	
88	230	
32	191	
96	230	
207	127	
88	217	
190	71	
194	111	
52	205	
181	64	
32	180	
64	208	
193	102	
162	0	
202	115	
184	115	
40	197	
16	190	
183	67	
28	194	
214	127	
48	197	
68	204	
187	127	
24	190	
198	122	
24	191	
178	22	
44	205	
201	128	
40	194	
199	76	
185	89	
28	193	
181	64	
206	127	
76	220	
44	198	
169	76	
194	115	
162	38	
185	94	
56	202	
48	197	
92	224	
161	0	
142	0	
68	214	
189	105	
190	78	
206	137	
57	199	
166	0	
177	0	

Generation 39
52	208	
60	209	
181	51	
188	72	
189	85	
162	0	
165	0	
68	209	
52	202	
164	26	
72	222	
96	234	
40	197	
72	211	
179	51	
179	89	
198	93	
56	209	
161	38	
180	99	
4	182	
44	202	
194	77	
171	77	
179	38	
156	64	
177	1	
16	188	
84	224	
166	38	
191	93	
64	210	
88	221	
40	196	
28	190	
52	196	
189	64	
156	56	
167	103	
204	127	
96	221	
195	84	
191	102	
94	229	
185	64	
176	77	
179	18	
96	228	
80	216	
187	141	
68	208	
200	90	
169	38	
196	127	
204	127	
84	218	
108	241	
110	238	
68	204	
186	128	
192	77	
178	103	
124	242	
24	190	
172	25	
217	135	
33	198	
176	38	
97	229	
56	212	
96	221	
171	51	
44	202	
40	196	
56	208	
189	64	
183	89	
88	221	
88	226	
211	115	
194	115	
36	196	
165	51	
36	198	
12	187	
28	196	
202	115	
64	210	
172	77	
175	115	
166	38	
104	228	
80	226	
76	209	
187	127	
189	89	
167	13	
163	38	
77	213	
198	102	

Generation 40
16	186	
189	51	
172	115	
56	203	
175	45	
185	64	
192	105	
169	115	
52	202	
166	127	
189	94	
96	233	
179	33	
167	25	
28	187	
96	223	
44	202	
48	203	
193	140	
189	135	
170	25	
161	13	
215	141	
175	71	
121	13	
132	254	
56	205	
52	193	
186	51	
24	192	
88	224	
68	212	
52	193	
80	206	
182	102	
166	23	
44	196	
185	102	
104	233	
190	115	
202	115	
175	127	
176	18	
40	197	
56	211	
187	51	
175	117	
191	47	
179	38	
92	228	
146	0	
121	25	
209	128	
37	198	
72	212	
191	102	
199	102	
184	115	
185	59	
45	198	
36	197	
104	238	
192	96	
176	167	
176	20	
166	0	
68	214	
32	191	
68	218	
185	76	
181	109	
172	51	
119	249	
80	221	
124	247	
44	206	
84	220	
28	194	
181	128	
199	140	
104	239	
151	102	
24	193	
201	102	
194	129	
161	66	
196	80	
197	104	
62	206	
28	197	
64	210	
96	235	
181	115	
173	89	
186	71	
192	115	
180	77	
52	209	
183	64	
88	232	

Generation 41
180	64	
80	204	
203	115	
180	102	
68	210	
44	194	
181	64	
182	90	
188	76	
177	8	
80	224	
28	196	
192	64	
180	51	
190	78	
177	38	
189	64	
183	89	
36	193	
183	77	
176	39	
24	186	
178	21	
60	211	
188	174	
183	129	
214	128	
180	51	
177	46	
181	38	
52	197	
96	229	
172	89	
179	51	
140	232	
100	228	
166	13	
200	115	
196	90	
32	191	
48	194	
175	115	
198	84	
201	57	
208	115	
64	209	
189	36	
165	97	
228	153	
116	250	
104	238	
116	250	
197	102	
182	37	
182	29	
69	217	
60	192	
73	202	
64	209	
180	79	
185	89	
193	78	
48	192	
170	102	
96	220	
36	196	
52	208	
174	5	
161	52	
173	115	
65	213	
167	127	
182	102	
52	198	
223	140	
44	203	
48	202	
181	102	
20	187	
84	227	
80	220	
177	102	
180	55	
170	102	
200	103	
195	127	
174	25	
206	115	
200	89	
169	76	
180	47	
178	13	
169	26	
20	187	
171	33	
36	196	
206	90	
116	236	
92	222	
80	223	

Generation 42
190	89	
56	211	
166	25	
183	51	
48	197	
44	196	
48	195	
206	115	
192	85	
183	89	
153	0	
24	191	
169	51	
177	127	
196	91	
176	13	
178	26	
223	141	
185	38	
60	209	
202	115	
32	193	
48	194	
178	13	
84	220	
52	196	
72	216	
173	122	
181	58	
166	89	
180	89	
72	208	
185	102	
166	59	
195	77	
172	115	
68	220	
36	191	
203	115	
192	57	
36	197	
92	222	
201	102	
177	38	
97	238	
176	42	
188	80	
56	197	
44	193	
184	26	
48	203	
72	212	
48	202	
187	64	
60	201	
64	206	
186	102	
88	233	
177	25	
205	91	
182	77	
197	79	
104	237	
84	227	
88	206	
48	193	
76	218	
175	58	
100	227	
196	127	
180	76	
171	13	
166	54	
173	76	
170	13	
166	0	
190	89	
188	115	
184	39	
187	115	
24	186	
194	64	
192	38	
177	39	
160	76	
36	191	
191	44	
209	128	
184	38	
56	204	
156	127	
145	0	
202	141	
181	51	
108	226	
194	112	
96	230	
48	203	
84	223	
199	77	

Generation 43
194	102	
160	64	
50	199	
202	64	
162	39	
96	230	
177	38	
192	115	
92	232	
172	0	
177	38	
209	110	
178	38	
177	0	
192	89	
205	103	
199	102	
169	64	
189	64	
174	0	
52	211	
193	97	
174	0	
190	89	
194	102	
60	202	
187	42	
60	208	
96	234	
192	72	
183	26	
161	38	
181	64	
185	38	
206	90	
72	221	
64	204	
185	51	
28	193	
88	233	
44	197	
176	76	
167	160	
192	51	
96	238	
195	84	
183	77	
36	196	
32	196	
150	51	
183	51	
20	191	
80	224	
154	76	
156	38	
189	102	
44	203	
209	153	
209	117	
174	13	
184	38	
212	148	
170	38	
180	51	
177	0	
176	53	
76	220	
177	0	
20	192	
48	203	
194	99	
170	77	
32	194	
166	38	
76	226	
200	102	
174	0	
210	140	
166	123	
52	191	
194	39	
104	236	
223	103	
132	253	
181	18	
169	38	
56	205	
44	206	
76	226	
128	253	
189	127	
36	200	
170	38	
183	38	
185	64	
168	13	
180	13	
191	90	
170	26	
165	13	

Generation 44
197	64	
16	186	
182	33	
32	197	
190	89	
183	64	
166	76	
203	115	
188	42	
108	240	
108	228	
48	205	
194	76	
186	38	
194	102	
175	52	
175	13	
190	41	
142	13	
180	64	
84	222	
174	64	
186	26	
171	5	
170	13	
171	0	
40	203	
183	24	
192	76	
191	51	
8	185	
205	140	
178	64	
166	13	
16	190	
190	58	
20	192	
175	25	
24	194	
76	221	
136	262	
60	210	
176	64	
189	89	
194	71	
182	77	
96	232	
175	111	
84	220	
104	238	
196	90	
187	26	
64	193	
16	186	
206	64	
4	182	
184	89	
198	76	
185	77	
191	64	
117	246	
174	0	
173	64	
166	64	
177	20	
185	102	
8	185	
80	224	
76	222	
64	215	
112	242	
32	198	
187	64	
96	217	
180	38	
177	38	
180	89	
197	76	
112	247	
80	228	
198	78	
180	90	
32	199	
191	46	
180	89	
194	60	
189	90	
76	212	
92	222	
56	210	
96	236	
189	51	
180	13	
175	102	
197	89	
64	218	
177	64	
199	90	
190	51	
201	115	

Generation 45
190	130	
36	194	
195	77	
173	8	
171	77	
204	127	
170	0	
88	233	
173	89	
171	23	
180	64	
177	13	
189	39	
112	244	
68	217	
193	51	
172	27	
182	64	
197	127	
187	31	
176	0	
198	115	
40	199	
180	38	
174	0	
60	216	
205	141	
181	102	
175	39	
197	59	
188	115	
166	38	
199	106	
166	64	
168	13	
184	76	
185	38	
28	190	
185	27	
41	200	
187	78	
88	233	
207	85	
52	211	
184	26	
185	38	
202	71	
197	77	
80	224	
213	141	
183	25	
165	0	
60	203	
183	41	
194	115	
32	199	
170	64	
48	202	
218	123	
4	179	
60	212	
201	140	
20	188	
187	38	
64	197	
200	90	
64	217	
197	90	
194	76	
190	66	
116	250	
204	109	
40	200	
194	115	
179	127	
212	111	
214	94	
188	38	
214	89	
201	115	
176	21	
56	212	
211	136	
165	90	
171	15	
84	227	
84	211	
184	52	
178	25	
177	14	
193	51	
12	182	
170	89	
187	82	
197	59	
196	115	
176	89	
183	38	
96	226	
187	38	

Generation 46
191	64	
161	13	
185	105	
174	13	
199	89	
180	51	
183	77	
197	89	
189	64	
210	116	
52	211	
36	198	
193	89	
133	240	
116	236	
156	51	
92	235	
182	102	
163	13	
204	141	
190	47	
188	64	
72	223	
175	43	
180	38	
37	198	
186	141	
191	64	
183	38	
44	206	
198	77	
36	192	
136	262	
186	25	
201	115	
72	216	
175	76	
44	190	
171	0	
209	90	
175	90	
170	26	
167	26	
179	13	
170	64	
166	115	
96	233	
176	38	
180	38	
171	38	
4	182	
203	77	
180	13	
186	39	
181	26	
177	0	
195	90	
183	38	
68	221	
183	13	
185	64	
164	0	
176	64	
178	76	
176	64	
184	102	
120	252	
179	25	
175	0	
224	135	
36	197	
180	64	
183	51	
175	14	
201	102	
116	240	
179	39	
194	64	
194	89	
185	64	
188	90	
161	51	
92	235	
203	90	
172	27	
112	242	
206	90	
190	89	
197	135	
175	102	
200	115	
177	77	
177	0	
183	26	
116	246	
56	206	
174	26	
182	77	
166	13	
175	39	

Generation 47
180	23	
185	89	
36	200	
32	199	
170	13	
175	26	
196	78	
166	51	
178	38	
183	64	
177	13	
190	127	
44	203	
180	25	
174	25	
183	13	
214	102	
84	227	
175	38	
187	38	
174	0	
176	7	
166	13	
88	227	
174	0	
184	89	
184	38	
176	38	
185	103	
76	221	
166	51	
151	39	
166	0	
184	140	
185	89	
174	0	
180	77	
175	0	
184	89	
169	0	
181	35	
203	89	
189	102	
167	27	
76	222	
20	187	
184	77	
199	127	
128	257	
156	13	
120	250	
154	13	
201	90	
194	77	
72	223	
60	209	
178	38	
191	38	
175	0	
185	102	
218	150	
172	38	
179	35	
52	211	
187	64	
193	77	
174	13	
193	78	
175	89	
198	90	
180	8	
162	38	
188	58	
183	20	
184	64	
166	51	
180	13	
179	14	
220	115	
173	13	
180	64	
178	51	
173	35	
60	209	
175	64	
182	38	
88	227	
191	64	
180	89	
184	77	
196	90	
168	26	
156	38	
169	0	
177	38	
179	64	
165	90	
177	51	
215	111	
179	38	

Generation 48
178	38	
167	26	
32	196	
169	13	
8	185	
176	89	
166	18	
178	26	
174	0	
178	24	
206	89	
194	77	
206	115	
177	51	
64	218	
52	204	
223	115	
174	0	
180	13	
208	88	
178	64	
170	1	
36	202	
175	1	
227	155	
44	203	
194	127	
96	224	
80	224	
194	95	
171	38	
161	52	
32	196	
183	51	
72	222	
104	242	
177	76	
177	90	
187	140	
199	92	
200	102	
182	26	
76	223	
183	25	
84	230	
190	51	
174	38	
159	0	
28	193	
174	26	
185	38	
158	78	
80	211	
177	66	
187	77	
76	217	
40	196	
194	100	
173	38	
166	13	
186	89	
173	13	
180	78	
167	64	
180	64	
180	26	
175	76	
48	203	
182	115	
100	234	
174	0	
185	58	
104	231	
198	115	
194	51	
108	245	
60	210	
80	224	
190	89	
181	51	
174	77	
56	208	
188	51	
219	141	
186	38	
201	102	
174	13	
184	52	
159	38	
189	102	
92	227	
186	38	
200	72	
186	51	
172	38	
186	38	
180	38	
48	209	
124	251	
206	77	

Generation 49
189	38	
170	26	
91	231	
151	25	
195	64	
178	38	
197	115	
84	227	
96	230	
175	38	
178	38	
179	51	
201	77	
211	102	
171	0	
181	89	
191	44	
36	198	
52	204	
200	115	
72	222	
172	0	
132	251	
44	200	
116	241	
92	224	
168	0	
211	89	
52	211	
48	205	
195	77	
76	221	
184	38	
183	64	
93	219	
193	102	
178	38	
40	198	
177	131	
191	129	
44	205	
170	51	
181	64	
194	65	
104	242	
176	128	
36	198	
172	38	
186	64	
190	64	
173	90	
28	193	
190	90	
188	115	
188	64	
185	26	
202	143	
182	64	
186	64	
163	0	
196	66	
168	0	
187	89	
174	52	
177	0	
181	76	
158	13	
172	26	
185	51	
174	13	
181	26	
180	64	
28	197	
190	127	
183	13	
187	89	
200	51	
225	142	
177	0	
203	90	
132	256	
48	199	
179	89	
169	64	
214	90	
32	196	
179	90	
36	198	
200	92	
205	89	
177	0	
185	76	
172	89	
184	64	
169	0	
175	89	
173	64	
177	51	
84	226	
214	115	

Generation 50
174	0	
52	209	
108	228	
205	127	
146	64	
191	124	
220	115	
193	123	
178	13	
182	52	
170	38	
68	221	
172	115	
202	114	
171	39	
197	77	
183	38	
60	209	
88	228	
175	64	
201	90	
170	73	
24	191	
28	197	
170	115	
72	217	
104	239	
172	26	
170	13	
190	51	
177	64	
174	38	
184	89	
176	39	
202	76	
160	38	
166	38	
196	72	
195	55	
214	102	
195	103	
195	89	
174	0	
44	206	
191	90	
184	51	
199	77	
172	38	
183	38	
52	211	
212	89	
88	228	
185	65	
197	64	
221	154	
194	78	
168	45	
210	111	
175	13	
181	174	
76	226	
189	88	
48	209	
186	38	
189	51	
183	25	
92	235	
183	20	
41	198	
175	51	
175	25	
221	102	
191	51	
52	210	
201	115	
186	51	
60	214	
183	13	
37	198	
163	39	
140	264	
192	89	
16	186	
175	26	
200	127	
178	102	
190	51	
201	90	
186	39	
211	117	
169	13	
196	127	
184	51	
37	201	
150	64	
190	64	
198	128	
178	51	
195	63	
191	39	

Generation 51
198	115	
169	0	
195	115	
80	224	
175	0	
175	38	
189	115	
194	115	
189	69	
190	102	
197	91	
56	210	
209	77	
199	102	
197	76	
180	13	
183	38	
175	64	
211	102	
178	13	
174	38	
175	127	
180	26	
195	102	
175	0	
100	238	
60	211	
156	39	
185	64	
182	115	
200	89	
197	64	
183	38	
174	0	
180	96	
48	200	
80	213	
134	228	
175	38	
175	0	
185	52	
207	103	
181	64	
175	89	
80	223	
185	103	
175	13	
170	0	
24	191	
172	64	
185	45	
170	14	
73	212	
198	77	
179	74	
180	38	
183	77	
188	91	
100	234	
189	38	
184	115	
190	91	
199	129	
176	51	
207	90	
195	127	
207	100	
172	102	
178	89	
52	208	
60	212	
186	89	
185	27	
174	0	
170	51	
161	84	
88	232	
175	1	
104	239	
180	75	
76	215	
180	19	
193	129	
189	91	
187	128	
174	64	
181	64	
175	13	
172	0	
175	9	
183	13	
178	64	
193	102	
198	77	
175	38	
177	13	
52	202	
174	13	
168	0	
189	102	

Generation 52
187	52	
169	64	
175	89	
175	26	
192	127	
40	196	
32	199	
184	140	
44	206	
128	257	
218	129	
193	90	
44	206	
96	228	
57	213	
40	204	
56	209	
171	13	
177	0	
180	50	
191	38	
183	25	
195	89	
184	39	
191	64	
203	89	
40	204	
174	0	
191	38	
183	25	
181	64	
200	125	
177	39	
192	50	
180	141	
180	13	
209	129	
188	77	
48	206	
100	240	
40	204	
195	77	
173	64	
174	0	
171	13	
40	200	
194	90	
72	221	
181	26	
92	232	
142	0	
119	248	
209	128	
172	38	
84	228	
187	51	
182	76	
192	147	
100	240	
194	102	
52	205	
178	38	
186	26	
195	115	
178	51	
181	38	
169	13	
92	232	
171	51	
190	104	
56	211	
190	75	
116	240	
204	129	
176	5	
192	64	
197	76	
184	64	
189	51	
183	64	
178	89	
76	212	
180	38	
175	102	
194	101	
28	194	
214	102	
92	234	
180	64	
186	77	
182	64	
186	39	
189	64	
173	90	
175	64	
100	232	
201	90	
180	51	
192	115	
192	64	

Generation 53
166	0	
177	25	
195	140	
181	38	
160	51	
232	153	
36	198	
171	16	
190	63	
188	35	
190	70	
181	53	
195	102	
176	39	
206	90	
199	88	
200	115	
16	188	
44	206	
216	153	
209	90	
187	38	
73	218	
186	64	
183	13	
183	67	
56	210	
203	77	
208	140	
48	205	
207	113	
179	114	
180	25	
174	0	
173	26	
172	42	
181	38	
177	13	
176	89	
100	233	
195	63	
92	234	
232	154	
175	51	
203	108	
28	193	
179	51	
205	114	
194	64	
212	129	
183	128	
201	103	
189	50	
181	89	
174	0	
195	90	
177	51	
100	240	
104	228	
203	128	
197	64	
164	89	
28	194	
175	64	
76	226	
48	204	
173	64	
193	102	
104	238	
176	105	
104	242	
44	203	
175	13	
178	89	
175	0	
72	212	
163	26	
199	90	
60	212	
175	32	
164	50	
60	213	
64	218	
189	51	
190	76	
32	192	
177	13	
189	64	
52	208	
165	38	
162	0	
211	138	
120	239	
104	242	
189	51	
179	64	
174	0	
12	184	
195	90	
184	51	

Generation 54
189	89	
184	64	
92	235	
189	38	
184	64	
175	51	
175	13	
175	38	
186	26	
191	89	
166	0	
199	90	
184	64	
169	0	
192	50	
48	209	
192	76	
194	95	
32	196	
176	86	
175	36	
163	38	
183	13	
76	224	
179	51	
209	90	
181	38	
175	0	
183	38	
192	64	
194	77	
183	64	
199	88	
177	76	
198	102	
162	13	
171	64	
174	0	
168	38	
174	0	
184	115	
185	64	
206	103	
48	204	
84	230	
20	192	
76	221	
175	64	
96	238	
178	64	
32	194	
181	51	
177	0	
171	3	
174	13	
186	38	
184	64	
181	102	
192	89	
214	102	
179	26	
68	220	
177	0	
185	52	
201	126	
175	0	
184	39	
175	39	
190	64	
183	13	
175	115	
193	78	
186	64	
190	101	
48	199	
128	253	
84	226	
80	223	
174	0	
184	64	
189	38	
191	77	
185	64	
172	102	
112	240	
176	115	
178	26	
112	247	
173	5	
197	89	
24	191	
16	186	
44	203	
169	0	
172	166	
177	38	
180	13	
196	112	
187	89	
185	77	

Generation 55
178	102	
92	226	
182	39	
16	190	
201	81	
215	143	
68	217	
166	12	
180	131	
167	13	
195	64	
182	64	
172	26	
178	64	
190	128	
191	91	
170	38	
221	127	
200	77	
172	1	
166	0	
181	126	
183	13	
171	0	
182	51	
212	142	
108	242	
169	0	
178	13	
28	193	
186	90	
165	25	
154	13	
190	179	
64	210	
178	26	
164	38	
181	17	
175	115	
36	194	
44	194	
175	0	
210	115	
181	89	
188	115	
189	51	
180	38	
80	208	
180	76	
180	13	
177	64	
172	76	
92	234	
151	0	
20	185	
182	39	
184	39	
52	211	
204	89	
80	222	
185	89	
178	38	
186	140	
191	41	
92	227	
195	102	
100	239	
203	101	
195	51	
60	211	
211	140	
205	115	
221	128	
186	76	
32	196	
181	38	
203	141	
203	115	
70	216	
28	197	
24	193	
190	89	
64	217	
207	102	
183	38	
183	38	
108	241	
189	115	
174	25	
84	226	
189	38	
48	209	
64	209	
171	0	
80	228	
186	71	
68	217	
178	51	
202	127	
186	26	

Generation 56
175	64	
172	0	
181	89	
176	38	
195	90	
183	13	
177	38	
208	115	
172	0	
178	0	
185	67	
60	211	
166	76	
174	0	
194	89	
193	76	
191	77	
172	13	
151	64	
166	13	
181	38	
175	26	
100	228	
28	197	
28	197	
169	13	
194	39	
186	89	
182	39	
188	64	
170	51	
185	138	
175	77	
171	39	
186	38	
199	77	
173	89	
108	241	
180	64	
185	144	
190	118	
20	192	
193	115	
44	206	
206	89	
185	38	
195	77	
190	90	
223	116	
186	38	
190	181	
197	64	
175	13	
174	38	
172	64	
196	65	
183	64	
180	13	
186	38	
176	51	
186	38	
190	112	
223	141	
212	115	
104	238	
32	196	
56	205	
16	186	
100	238	
176	64	
100	240	
195	64	
174	0	
171	13	
48	205	
195	89	
92	234	
83	222	
194	141	
175	4	
20	192	
76	212	
72	216	
185	39	
215	103	
168	38	
168	13	
194	130	
195	64	
92	233	
100	232	
68	214	
181	20	
195	89	
172	37	
174	13	
37	198	
179	13	
48	209	
190	90	

Generation 57
167	102	
185	20	
194	77	
48	209	
189	128	
72	220	
181	38	
191	89	
176	64	
174	0	
164	53	
186	64	
168	64	
184	39	
112	240	
193	64	
194	38	
40	204	
192	64	
175	64	
28	190	
195	89	
183	13	
186	179	
212	96	
183	14	
20	190	
193	90	
185	51	
198	115	
180	39	
208	115	
116	240	
20	192	
177	0	
185	77	
171	0	
180	64	
68	221	
163	38	
190	90	
200	116	
183	26	
185	38	
172	0	
108	245	
155	64	
189	64	
186	102	
183	64	
200	89	
183	64	
178	25	
185	115	
192	128	
177	0	
52	208	
183	38	
191	92	
172	7	
52	205	
207	136	
186	39	
175	25	
214	128	
174	0	
76	226	
175	13	
186	89	
216	115	
147	76	
191	38	
184	90	
180	64	
40	200	
192	102	
189	46	
199	78	
96	229	
194	140	
36	192	
180	39	
203	106	
176	39	
191	39	
76	218	
180	33	
172	51	
185	132	
194	64	
177	51	
40	196	
175	26	
174	26	
104	241	
192	51	
52	208	
174	0	
174	0	
205	140	

Generation 58
168	3	
40	203	
178	89	
203	64	
44	206	
161	64	
178	93	
176	51	
166	0	
178	64	
194	89	
175	51	
209	114	
174	0	
108	241	
156	26	
175	0	
186	64	
52	208	
156	38	
209	117	
167	38	
185	64	
182	14	
178	64	
80	228	
100	236	
84	227	
214	103	
84	226	
174	0	
24	194	
80	220	
181	51	
24	191	
116	246	
84	227	
170	5	
80	224	
151	51	
178	3	
185	115	
171	0	
28	194	
52	203	
215	107	
175	26	
84	223	
175	64	
175	38	
190	89	
170	7	
108	241	
183	77	
186	38	
195	115	
188	89	
186	77	
193	76	
179	26	
174	13	
194	77	
192	89	
191	90	
52	204	
172	89	
180	51	
172	51	
187	49	
197	77	
173	38	
171	38	
180	64	
188	127	
173	115	
184	115	
174	64	
172	51	
180	38	
214	103	
183	28	
184	64	
205	90	
200	115	
204	102	
185	90	
181	38	
178	13	
32	192	
201	115	
174	0	
44	203	
170	38	
175	27	
187	138	
186	38	
56	209	
177	0	
88	227	
180	25	

Generation 59
193	128	
180	51	
176	38	
188	89	
191	127	
184	39	
194	102	
187	114	
197	77	
191	38	
221	153	
132	254	
192	64	
182	30	
192	64	
161	4	
175	3	
188	115	
170	0	
217	105	
176	26	
41	201	
195	131	
209	89	
191	90	
202	103	
214	106	
48	209	
193	90	
181	89	
182	38	
223	141	
112	241	
188	128	
124	246	
174	0	
191	76	
186	30	
177	13	
185	38	
177	25	
177	13	
84	223	
170	0	
186	77	
204	115	
183	64	
174	0	
28	192	
32	199	
190	90	
186	26	
176	89	
179	89	
202	90	
187	38	
174	0	
151	0	
187	64	
164	64	
175	76	
176	76	
104	241	
207	104	
190	38	
112	236	
177	0	
171	90	
12	182	
168	89	
195	102	
193	51	
189	64	
174	0	
184	64	
181	26	
201	64	
88	226	
44	203	
76	222	
162	64	
174	38	
180	13	
176	35	
174	13	
177	0	
192	64	
198	128	
68	221	
181	52	
180	128	
28	193	
172	0	
205	89	
187	78	
183	16	
229	128	
96	233	
80	222	
158	25	

Generation 60
173	76	
203	64	
179	51	
177	13	
96	233	
187	115	
112	244	
170	39	
205	78	
48	200	
189	51	
174	0	
174	0	
175	51	
188	77	
64	199	
192	51	
174	25	
187	64	
200	104	
177	13	
203	115	
175	0	
32	196	
182	45	
88	226	
194	77	
180	13	
209	89	
183	13	
196	55	
168	0	
182	26	
188	116	
195	69	
24	194	
48	205	
72	220	
171	13	
186	52	
211	102	
184	31	
178	38	
212	121	
194	38	
179	13	
189	38	
191	64	
196	51	
108	234	
68	217	
192	38	
179	51	
174	51	
183	13	
212	117	
100	240	
174	0	
192	90	
171	64	
194	102	
212	103	
177	64	
210	90	
179	4	
96	208	
214	143	
187	25	
177	38	
100	240	
174	64	
188	64	
185	38	
112	236	
180	13	
185	26	
32	199	
64	218	
61	213	
68	209	
100	240	
187	76	
76	210	
174	0	
170	25	
181	131	
175	50	
220	141	
165	51	
185	25	
92	232	
198	71	
178	36	
191	57	
175	43	
88	227	
24	194	
166	7	
56	194	
196	90	

Generation 61
190	59	
60	215	
186	104	
208	97	
182	67	
187	109	
176	25	
205	97	
189	84	
172	17	
174	26	
12	184	
149	0	
183	64	
182	64	
48	200	
181	20	
201	90	
203	80	
24	194	
175	66	
177	0	
178	34	
197	121	
32	192	
184	39	
177	8	
170	92	
190	43	
169	109	
201	68	
158	64	
203	103	
177	0	
203	64	
178	13	
192	134	
92	230	
24	187	
221	127	
191	90	
185	37	
188	70	
36	200	
104	236	
183	37	
194	54	
136	254	
60	215	
189	110	
220	118	
183	34	
179	39	
204	94	
104	242	
166	0	
186	84	
120	252	
176	42	
174	13	
172	34	
183	59	
200	90	
205	77	
88	228	
175	64	
187	26	
170	38	
199	115	
190	64	
175	8	
175	64	
186	24	
180	26	
194	64	
88	228	
191	64	
171	67	
194	54	
187	64	
182	25	
197	117	
186	93	
192	68	
116	246	
195	84	
199	115	
179	34	
203	63	
193	38	
175	0	
180	85	
175	0	
182	51	
200	144	
180	25	
192	51	
181	42	
192	109	
189	42	

Generation 62
178	0	
175	64	
195	115	
184	38	
156	64	
192	41	
171	13	
180	25	
172	38	
192	68	
199	126	
175	39	
174	12	
164	38	
32	198	
40	204	
170	13	
166	0	
196	64	
112	246	
194	103	
166	115	
180	90	
12	187	
177	0	
96	234	
155	1	
174	0	
163	0	
198	102	
196	77	
197	64	
80	227	
200	102	
189	64	
104	239	
170	52	
207	90	
215	115	
88	232	
177	0	
187	102	
175	0	
193	76	
195	77	
182	39	
161	46	
186	26	
72	211	
202	102	
166	46	
179	13	
104	242	
215	93	
80	224	
177	0	
185	115	
181	17	
224	115	
170	25	
192	76	
186	29	
174	0	
56	212	
56	209	
180	51	
204	90	
64	210	
169	64	
175	55	
202	115	
206	115	
199	64	
178	38	
230	154	
209	77	
48	206	
174	0	
196	64	
192	140	
198	115	
175	0	
207	119	
120	248	
188	38	
182	13	
185	67	
166	1	
171	13	
175	0	
193	64	
183	26	
170	51	
223	119	
40	200	
209	151	
201	102	
175	76	
116	241	
201	83	

Generation 63
198	64	
166	0	
194	76	
131	255	
197	77	
191	38	
194	115	
100	240	
32	197	
190	51	
186	38	
104	235	
68	212	
175	13	
175	26	
208	76	
108	238	
32	196	
180	38	
174	0	
178	102	
52	211	
36	202	
184	128	
176	0	
88	228	
80	218	
218	115	
180	13	
204	93	
166	55	
180	26	
203	64	
184	64	
204	77	
163	25	
8	181	
40	200	
183	38	
188	38	
180	102	
24	194	
202	64	
174	0	
96	238	
168	0	
128	253	
197	77	
185	26	
24	193	
174	0	
188	38	
183	25	
200	70	
194	64	
167	26	
198	64	
207	90	
174	0	
188	115	
32	196	
183	88	
80	226	
170	64	
175	2	
177	0	
178	51	
189	102	
194	115	
180	51	
198	128	
181	38	
211	89	
177	64	
204	90	
226	128	
209	129	
186	23	
180	115	
176	13	
178	64	
68	216	
172	13	
64	218	
8	181	
177	0	
209	77	
188	38	
191	39	
193	89	
175	13	
155	25	
96	238	
179	64	
190	51	
199	76	
182	38	
166	13	
183	38	
176	51	

Generation 64
178	38	
80	226	
196	90	
20	192	
180	13	
189	64	
171	0	
182	20	
180	26	
24	194	
198	64	
178	26	
68	209	
96	233	
179	14	
186	40	
207	80	
174	0	
177	0	
188	64	
48	202	
173	38	
108	244	
180	51	
176	16	
64	209	
177	0	
193	51	
28	191	
180	38	
158	58	
16	190	
28	197	
178	4	
48	205	
203	94	
204	117	
112	247	
52	204	
228	141	
170	13	
112	235	
223	122	
177	0	
204	88	
204	89	
181	89	
196	51	
196	67	
80	228	
20	192	
52	211	
184	51	
20	192	
84	211	
168	13	
183	13	
181	26	
188	115	
20	188	
177	0	
68	217	
180	64	
195	96	
180	13	
76	226	
180	26	
193	140	
203	140	
181	25	
156	116	
177	77	
92	234	
186	29	
174	0	
180	13	
162	51	
120	248	
80	226	
175	0	
190	103	
182	51	
202	102	
177	0	
174	0	
208	115	
186	51	
209	141	
194	115	
174	64	
180	64	
192	55	
15	189	
44	206	
186	64	
192	89	
176	64	
112	242	
206	93	
185	102	

Generation 65
24	191	
173	64	
207	102	
212	102	
191	38	
171	64	
180	91	
177	38	
100	240	
182	102	
190	89	
193	102	
183	115	
169	26	
184	25	
181	115	
174	51	
156	64	
167	77	
189	51	
169	64	
72	206	
32	193	
186	51	
64	215	
203	81	
184	89	
209	102	
171	102	
191	81	
169	0	
72	205	
80	228	
181	115	
200	89	
177	0	
181	25	
20	191	
40	204	
197	181	
187	25	
199	64	
194	51	
187	38	
156	4	
220	147	
178	14	
166	51	
16	186	
163	0	
182	38	
190	75	
24	191	
28	197	
190	141	
32	196	
104	242	
68	221	
191	89	
187	55	
92	233	
174	0	
180	13	
182	56	
185	127	
32	199	
88	232	
175	70	
174	89	
24	193	
186	38	
116	246	
196	90	
100	236	
52	211	
28	197	
185	115	
175	38	
181	48	
4	181	
174	0	
185	102	
166	127	
212	140	
177	51	
197	119	
189	127	
84	216	
174	0	
166	76	
161	51	
178	13	
24	193	
190	90	
180	102	
92	232	
175	0	
179	38	
192	77	
14	185	

Generation 66
185	64	
173	25	
199	78	
174	0	
20	188	
195	115	
92	233	
56	211	
184	118	
88	229	
195	105	
174	0	
189	115	
171	1	
194	119	
187	39	
174	13	
209	90	
185	77	
194	115	
180	38	
232	154	
186	51	
176	64	
170	38	
4	182	
8	185	
189	39	
170	38	
154	38	
197	89	
177	38	
108	241	
202	102	
211	77	
24	194	
197	89	
185	64	
116	245	
187	102	
184	38	
180	38	
174	0	
201	140	
194	102	
190	89	
174	64	
177	0	
28	197	
44	206	
185	89	
181	26	
76	216	
189	102	
104	242	
190	115	
169	51	
170	66	
194	103	
204	102	
200	64	
211	141	
4	182	
195	128	
76	215	
194	141	
234	159	
185	115	
204	78	
206	89	
57	213	
188	75	
202	102	
177	0	
178	13	
36	198	
202	59	
180	102	
60	210	
187	46	
28	197	
217	128	
183	25	
200	77	
36	198	
166	80	
188	38	
24	192	
180	38	
207	81	
176	89	
171	13	
194	52	
173	13	
210	116	
183	13	
112	244	
188	64	
185	30	
187	29	

Generation 67
185	103	
169	38	
60	202	
190	80	
193	64	
187	127	
179	51	
185	38	
185	135	
175	13	
192	51	
182	38	
12	184	
200	103	
215	113	
182	67	
200	77	
178	0	
181	64	
108	245	
191	89	
201	76	
207	89	
181	20	
189	102	
187	127	
203	93	
183	38	
196	115	
189	89	
24	191	
182	38	
185	51	
201	89	
80	228	
56	205	
28	168	
175	1	
178	64	
176	38	
203	115	
188	38	
190	115	
36	194	
187	93	
188	38	
188	102	
193	77	
205	90	
176	1	
56	208	
169	13	
194	77	
168	0	
180	127	
194	64	
80	228	
175	64	
191	102	
44	202	
186	64	
206	106	
52	204	
204	122	
170	28	
180	13	
204	141	
194	64	
175	27	
32	199	
195	89	
177	0	
190	83	
184	64	
165	38	
40	204	
180	13	
68	221	
214	141	
190	89	
28	193	
198	102	
174	13	
185	89	
180	13	
64	218	
192	115	
60	204	
195	64	
174	13	
216	115	
92	226	
72	198	
175	26	
203	89	
185	73	
209	128	
175	0	
179	18	
190	115	

Generation 68
178	39	
72	223	
151	2	
190	118	
207	90	
189	64	
60	211	
174	26	
174	13	
84	230	
208	127	
176	38	
208	80	
195	180	
100	238	
170	54	
120	252	
115	223	
173	13	
188	64	
174	0	
196	107	
189	89	
104	242	
171	65	
214	102	
199	127	
170	50	
96	238	
169	7	
68	212	
170	38	
100	240	
185	44	
202	77	
156	38	
166	38	
157	0	
190	46	
194	52	
188	52	
172	0	
174	13	
203	89	
92	235	
182	103	
179	38	
183	26	
180	38	
40	204	
189	89	
191	77	
72	223	
194	133	
177	127	
192	115	
32	196	
194	89	
116	244	
184	38	
166	86	
173	89	
202	90	
184	90	
108	228	
192	76	
213	103	
185	51	
199	127	
169	7	
170	39	
180	115	
56	206	
156	13	
198	89	
84	224	
190	54	
200	89	
155	77	
174	26	
207	157	
197	115	
177	25	
4	182	
153	13	
68	212	
174	13	
175	104	
211	102	
182	26	
20	192	
64	209	
184	115	
174	0	
191	51	
164	28	
185	29	
190	51	
188	38	
184	89	

Generation 69
192	39	
202	103	
24	194	
182	115	
166	0	
16	190	
210	93	
108	241	
179	64	
190	38	
174	64	
183	105	
116	241	
188	38	
186	127	
178	51	
188	38	
188	102	
203	128	
172	7	
177	15	
64	218	
191	39	
203	77	
172	13	
189	64	
84	227	
80	220	
189	38	
185	89	
52	211	
183	64	
191	38	
195	55	
191	51	
178	38	
108	241	
186	102	
84	228	
228	132	
206	115	
20	188	
206	81	
188	90	
191	64	
169	0	
88	229	
227	141	
178	89	
37	201	
56	205	
184	89	
185	39	
24	191	
174	0	
202	140	
163	0	
192	77	
191	89	
192	77	
174	0	
170	0	
216	119	
206	128	
163	44	
8	185	
197	102	
170	64	
176	38	
182	28	
174	0	
208	119	
166	50	
174	0	
181	39	
186	39	
68	221	
165	11	
179	64	
177	76	
52	206	
181	64	
188	38	
199	115	
192	115	
192	115	
189	26	
229	152	
45	200	
177	64	
183	64	
180	51	
56	210	
177	2	
183	64	
190	64	
178	17	
202	55	
174	0	
177	13	

Generation 70
179	38	
80	227	
185	76	
201	64	
192	102	
76	222	
163	13	
175	90	
146	38	
146	13	
185	51	
68	209	
186	38	
185	76	
200	64	
174	0	
223	154	
171	76	
183	38	
202	115	
188	51	
172	5	
201	105	
189	131	
188	64	
48	205	
173	38	
186	51	
188	103	
189	51	
188	102	
211	115	
185	56	
175	4	
104	242	
20	184	
112	247	
189	52	
195	115	
179	29	
179	13	
175	127	
164	0	
188	38	
191	180	
57	213	
104	235	
180	17	
100	239	
156	102	
189	44	
72	220	
185	29	
48	205	
181	25	
211	128	
179	27	
199	76	
179	38	
194	51	
188	127	
175	52	
170	50	
172	0	
173	76	
200	64	
172	0	
104	235	
187	30	
169	38	
181	64	
68	221	
177	13	
165	76	
185	38	
48	205	
220	147	
178	127	
180	26	
24	194	
203	102	
183	51	
104	233	
236	151	
161	0	
4	182	
179	38	
200	78	
210	90	
170	25	
68	220	
8	185	
190	127	
196	90	
176	89	
80	212	
174	0	
179	38	
185	68	
183	38	

Generation 71
48	204	
164	52	
170	51	
24	186	
190	116	
146	8	
104	238	
170	14	
196	78	
204	89	
88	228	
203	115	
210	103	
100	238	
188	38	
168	115	
176	27	
96	224	
198	102	
175	64	
177	126	
175	14	
175	38	
104	236	
177	27	
161	0	
206	129	
213	129	
112	245	
173	28	
177	25	
36	202	
174	0	
187	64	
198	129	
170	1	
170	0	
182	43	
189	51	
174	89	
186	51	
32	190	
192	53	
37	198	
161	81	
170	0	
170	0	
176	38	
166	79	
190	116	
170	39	
178	13	
180	78	
184	78	
180	102	
188	102	
174	38	
178	52	
175	111	
64	209	
197	115	
205	118	
180	66	
175	13	
185	51	
215	115	
181	64	
176	25	
179	27	
182	41	
20	188	
167	0	
173	15	
173	15	
193	102	
167	18	
104	238	
183	64	
199	91	
96	234	
167	25	
170	0	
52	205	
170	0	
185	52	
170	38	
174	64	
174	2	
180	38	
199	145	
167	0	
162	30	
44	206	
185	102	
167	0	
216	120	
168	20	
210	98	
40	204	
178	89	

Generation 72
112	247	
186	89	
156	0	
180	64	
193	103	
179	66	
199	115	
175	28	
210	109	
173	76	
201	104	
216	129	
193	102	
186	38	
209	154	
100	240	
180	52	
222	131	
199	115	
176	64	
193	54	
16	186	
48	209	
182	52	
170	0	
92	232	
20	192	
174	0	
213	118	
213	141	
173	2	
56	180	
60	211	
160	1	
175	14	
179	64	
180	65	
213	121	
198	91	
172	38	
170	0	
179	65	
8	185	
181	18	
166	64	
194	91	
185	38	
187	64	
167	14	
194	68	
189	43	
173	54	
201	78	
178	38	
175	38	
182	79	
204	78	
177	25	
176	20	
28	193	
169	7	
180	89	
8	185	
207	95	
184	89	
178	64	
169	51	
183	105	
175	38	
200	90	
171	0	
176	39	
220	134	
175	25	
195	115	
184	105	
170	0	
202	89	
166	13	
100	240	
184	51	
155	1	
36	196	
187	64	
44	206	
171	7	
185	51	
189	76	
96	224	
175	27	
32	196	
172	0	
175	103	
152	248	
166	25	
190	106	
218	115	
48	203	
183	44	
174	89	

Generation 73
170	0	
181	26	
188	64	
153	248	
187	76	
198	91	
190	81	
181	64	
183	52	
44	202	
182	38	
172	38	
4	182	
185	89	
28	193	
187	115	
44	206	
28	197	
180	64	
177	38	
178	13	
206	105	
182	38	
178	38	
120	252	
182	64	
175	89	
191	43	
40	204	
183	30	
68	208	
174	38	
169	0	
172	76	
170	1	
164	91	
182	31	
189	102	
160	51	
88	229	
173	31	
20	191	
12	186	
164	27	
197	89	
108	240	
172	38	
199	103	
199	84	
196	129	
180	13	
96	233	
213	106	
185	38	
163	25	
172	0	
178	38	
76	226	
92	235	
72	210	
172	13	
175	1	
206	111	
180	38	
185	68	
180	89	
185	78	
217	119	
44	197	
189	89	
170	0	
16	190	
52	208	
170	0	
157	15	
168	64	
185	46	
213	105	
175	28	
159	62	
188	65	
100	240	
72	223	
24	181	
209	142	
174	38	
198	78	
185	38	
180	38	
173	1	
187	66	
96	222	
44	206	
161	0	
185	64	
177	27	
68	221	
169	27	
176	54	
170	0	

Generation 74
173	38	
188	52	
176	13	
182	46	
167	25	
168	13	
183	89	
24	188	
187	42	
128	256	
80	227	
170	38	
183	38	
196	78	
166	38	
195	51	
207	103	
16	186	
167	0	
169	38	
174	13	
116	250	
202	94	
187	89	
198	89	
96	238	
186	115	
172	0	
166	51	
194	78	
174	13	
191	51	
170	0	
175	38	
191	102	
180	13	
80	224	
76	221	
171	102	
8	185	
72	217	
196	52	
217	141	
174	64	
201	78	
174	46	
179	64	
175	31	
166	0	
12	187	
48	196	
195	115	
218	131	
198	89	
192	78	
207	89	
64	205	
166	14	
195	89	
84	230	
172	0	
24	194	
182	38	
200	96	
196	64	
193	89	
16	190	
88	217	
201	128	
192	89	
219	132	
193	78	
179	38	
172	38	
177	13	
194	52	
195	140	
171	64	
76	222	
172	0	
181	25	
189	40	
169	14	
177	38	
168	89	
163	102	
120	248	
180	65	
194	76	
178	27	
170	51	
203	105	
80	228	
88	226	
84	228	
72	203	
209	105	
182	64	
196	64	
36	202	

Generation 75
170	13	
175	13	
112	247	
166	38	
181	38	
208	115	
198	128	
176	51	
92	228	
174	76	
182	38	
16	186	
170	0	
179	40	
68	221	
208	117	
168	51	
32	196	
190	38	
80	223	
167	0	
112	247	
177	51	
166	38	
166	13	
92	235	
175	13	
177	13	
60	211	
190	71	
215	115	
188	38	
176	16	
176	89	
208	89	
170	64	
187	64	
166	38	
172	0	
218	130	
56	214	
84	227	
165	1	
20	188	
177	51	
72	220	
48	205	
172	25	
185	38	
173	0	
170	64	
170	27	
183	27	
60	209	
208	103	
195	103	
56	206	
48	200	
180	64	
180	64	
223	115	
36	197	
185	40	
104	239	
141	191	
173	13	
174	2	
177	39	
178	38	
44	206	
172	13	
32	199	
183	27	
72	223	
181	89	
170	27	
216	116	
173	27	
162	76	
190	39	
201	89	
36	198	
175	103	
197	64	
168	25	
175	0	
183	52	
186	131	
236	156	
166	13	
183	38	
193	64	
173	14	
171	25	
174	38	
178	40	
220	115	
175	64	
171	38	
80	228	

Generation 76
175	1	
218	129	
213	114	
172	78	
168	52	
168	76	
209	91	
172	13	
185	55	
173	13	
24	194	
197	64	
190	90	
52	206	
182	52	
190	78	
182	103	
199	78	
193	69	
190	89	
194	90	
176	38	
179	64	
173	89	
8	185	
40	204	
182	38	
185	65	
176	15	
170	0	
175	64	
214	129	
180	13	
174	0	
178	76	
167	27	
177	13	
222	147	
189	66	
44	206	
185	76	
100	235	
108	240	
209	89	
184	39	
92	234	
166	0	
183	64	
173	0	
175	0	
177	27	
56	210	
144	241	
180	38	
172	0	
68	221	
183	38	
191	76	
20	192	
104	239	
171	13	
206	104	
201	78	
202	89	
190	76	
72	214	
172	0	
172	6	
151	2	
192	90	
170	89	
190	52	
177	38	
140	260	
32	197	
24	194	
171	13	
84	223	
108	240	
194	141	
210	127	
199	140	
104	242	
148	13	
84	227	
214	103	
191	90	
188	102	
175	1	
170	27	
96	231	
185	103	
218	115	
183	52	
179	64	
171	38	
177	38	
180	115	
84	223	
170	51	

Generation 77
178	27	
128	252	
174	0	
179	89	
124	251	
200	102	
28	197	
169	25	
169	13	
177	76	
186	38	
8	185	
184	64	
36	202	
12	187	
172	13	
24	194	
166	0	
212	128	
204	140	
199	92	
191	89	
183	115	
179	13	
222	154	
188	64	
193	65	
177	89	
190	76	
36	202	
185	38	
187	39	
175	1	
192	89	
157	4	
20	192	
76	222	
181	64	
178	64	
64	211	
198	115	
178	27	
177	76	
16	190	
184	53	
171	0	
16	190	
211	115	
104	242	
163	13	
190	102	
205	89	
96	238	
177	38	
170	13	
197	90	
213	115	
195	79	
205	98	
188	64	
188	89	
180	74	
180	52	
209	129	
146	25	
189	52	
202	115	
161	14	
220	115	
195	65	
211	115	
180	25	
184	38	
182	40	
178	39	
174	13	
165	25	
158	0	
187	115	
191	64	
202	91	
182	67	
178	39	
179	38	
182	38	
108	242	
8	181	
196	115	
179	38	
48	199	
170	31	
178	39	
225	140	
199	89	
174	14	
183	38	
20	188	
191	64	
186	52	
20	192	

Generation 78
201	89	
175	27	
172	0	
172	40	
180	45	
193	45	
180	38	
172	13	
44	206	
175	13	
175	16	
116	250	
190	38	
163	0	
28	197	
166	38	
176	14	
231	140	
188	38	
142	0	
178	27	
174	38	
180	76	
112	247	
120	248	
180	38	
16	190	
104	241	
120	251	
8	181	
171	13	
178	14	
182	38	
171	0	
32	196	
194	52	
178	15	
180	78	
100	240	
172	64	
173	3	
185	68	
180	13	
48	205	
172	0	
190	102	
174	38	
218	129	
178	51	
174	38	
186	39	
132	251	
207	129	
28	197	
213	91	
64	210	
180	13	
171	51	
48	209	
161	13	
172	1	
196	65	
183	51	
173	1	
183	90	
104	242	
171	38	
181	89	
180	14	
227	154	
172	0	
172	0	
132	259	
171	64	
190	65	
190	38	
188	38	
209	89	
210	103	
175	13	
180	13	
180	27	
193	89	
171	13	
36	202	
0	180	
213	91	
201	89	
186	64	
211	103	
189	39	
76	226	
222	115	
56	214	
177	38	
24	194	
177	90	
201	76	
8	181	
155	16	

Generation 79
177	38	
146	13	
8	181	
180	48	
191	89	
76	220	
100	236	
96	234	
194	65	
227	140	
108	240	
179	51	
214	115	
60	216	
190	39	
198	89	
172	0	
173	14	
191	89	
201	103	
185	64	
108	244	
174	52	
180	38	
191	78	
168	102	
207	89	
72	223	
171	51	
4	179	
188	33	
80	224	
200	78	
191	52	
194	64	
20	192	
177	51	
190	130	
174	13	
174	64	
80	224	
168	14	
196	89	
112	247	
165	14	
203	91	
177	38	
184	27	
187	38	
202	89	
185	64	
204	67	
190	38	
174	25	
186	115	
174	14	
177	6	
174	25	
178	39	
185	64	
170	3	
175	39	
175	38	
196	89	
20	192	
185	64	
52	211	
194	89	
180	89	
180	66	
194	90	
146	0	
164	14	
169	0	
191	91	
84	227	
178	78	
171	0	
20	188	
183	27	
173	38	
92	235	
192	65	
199	65	
211	94	
199	130	
184	59	
182	38	
60	216	
178	14	
172	13	
196	54	
182	76	
199	89	
180	89	
197	103	
64	218	
166	25	
180	52	
169	0	

Generation 80
179	38	
44	206	
194	78	
204	78	
175	52	
180	64	
180	50	
16	190	
175	1	
163	13	
182	102	
170	14	
175	78	
175	0	
222	153	
12	184	
193	91	
189	52	
108	242	
117	246	
60	216	
225	117	
169	64	
0	180	
40	204	
182	38	
188	38	
179	51	
214	115	
212	104	
128	257	
193	64	
214	115	
195	117	
72	222	
162	38	
170	4	
192	78	
178	13	
176	28	
217	115	
182	38	
180	27	
199	103	
171	38	
100	240	
192	90	
196	89	
211	93	
202	89	
179	38	
136	257	
177	13	
166	13	
142	0	
185	27	
36	198	
186	79	
165	38	
204	78	
174	14	
112	233	
191	78	
214	125	
94	233	
52	208	
185	65	
181	64	
182	78	
174	13	
198	89	
174	27	
193	103	
201	64	
185	43	
172	53	
195	115	
175	13	
172	0	
217	115	
96	234	
182	38	
194	52	
173	102	
60	216	
174	13	
183	54	
20	188	
190	30	
188	64	
182	89	
36	194	
36	198	
188	65	
183	38	
233	133	
171	38	
182	42	
175	0	
174	0	

Generation 81
174	51	
120	251	
186	38	
183	27	
76	226	
